[1] = { 1, 3, 4, 5, 6, 10, 11, 13, 15, 20, 21, 23, 25, 29, 30, 31, 33, 34, 35, 36, 37, 38, 63, 70, 98, 99, 120, 121, 129, 130, 131, 132, 140, 146, 153, 154, 158, 161, 163, 165, 173, 206, 229, 237, 245, 252, 253, 263, 265, 290, 304, 306, 311, 343, 364, 387, 416, 431, 449, 458, 496, 497, 498, 514, 541, 543, 546, 547, 586, 610, 686, 701, 718, 760, 805 }, 
[2] = { 2, 24, 26, 27, 66, 136, 167, 183, 223, 233, 238, 249, 264, 276, 279, 280, 292, 327, 358, 359, 370, 395, 396, 409, 410, 411, 480, 490, 509, 533, 548, 560, 612, 761, 776, 794, 823 }, 
[3] = { 16, 17, 19, 64, 65, 143, 177, 314, 332, 340, 365, 403, 413, 448, 507, 512, 542, 613, 620, 690, 731, 766, 814 }, 
[4] = { 40, 51, 123, 124, 188, 305, 342, 398, 440, 441, 474, 482, 491, 499, 562, 764, 801, 839 }, 
[5] = { 89, 91, 125, 155, 189, 198, 328, 341, 414, 426, 523, 529, 614, 615, 616, 619, 667, 707, 771, 815 }, 
[6] = { 88, 157, 205, 246, 317, 350, 408, 439, 444, 457, 479, 591, 709, 727, 770, 800 }, 
[7] = { 41, 42, 141, 210, 224, 318, 324, 369, 404, 405, 450, 454, 522, 537, 565, 611, 660, 676, 679, 758, 806 }, 
[8] = { 122, 247, 310, 325, 421, 425, 466, 467, 506, 566, 662, 695, 699, 708, 712, 714, 725, 762, 809, 825 }, 
[9] = { 211, 231, 232, 309, 353, 418, 429, 430, 442, 443, 544, 677, 684, 713, 724, 742, 774, 781, 782, 796, 798 }, 
[10] = { 7, 52, 53, 83, 126, 172, 221, 257, 284, 299, 307, 315, 394, 424, 436, 463, 481, 488, 510, 517, 519, 545, 551, 552, 557, 558, 595, 680, 682, 704, 720, 735, 757, 780, 807 }, 
[11] = { 55, 56, 57, 61, 127, 128, 145, 152, 190, 250, 291, 308, 323, 330, 352, 362, 401, 453, 503, 518, 534, 592, 594, 618, 664, 697, 710, 730, 733, 745, 755, 765, 812, 818 }, 
[12] = { 22, 71, 72, 75, 76, 80, 202, 302, 331, 338, 345, 348, 402, 412, 437, 438, 452, 465, 520, 532, 536, 572, 669, 670, 688, 738, 773, 778, 779, 785, 787, 788, 803 }, 
[13] = { 9, 84, 85, 87, 192, 209, 344, 351, 422, 435, 451, 521, 527, 528, 550, 559, 570, 609, 658, 700, 716, 719, 721, 729, 734, 754, 759, 783, 786, 804, 819 }, 
[14] = { 60, 93, 94, 138, 248, 295, 296, 326, 354, 427, 428, 473, 485, 500, 531, 540, 593, 703, 706, 711, 722, 723, 736, 769, 797, 821, 826, 828 }, 
[15] = { 8, 58, 59, 62, 181, 196, 301, 333, 419, 420, 423, 524, 549, 553, 554, 556, 573, 665, 739, 763, 813, 824 }, 
[16] = { 200, 225, 239, 337, 406, 407, 434, 459, 460, 525, 530, 687, 691, 692, 728, 744, 751, 768, 784, 795, 799, 820 }, 
[17] = { 44, 168, 185, 228, 242, 282, 371, 372, 389, 399, 400, 492, 539, 555, 621, 663, 675, 681, 693, 696, 737, 746, 772, 793, 808, 817, 822 }, 
[18] = { 574, 577, 583, 584, 585, 605, 617, 705, 726, 740, 767, 789, 790, 802 }, 
